# name: debug
# type: sparse matrix
# nnz: 36
# rows: 6
# columns: 6

1 1 427.139779
2 1 66.4738964
3 1 -91.079006
4 1 -0.432727956
5 1 14108.9516
6 1 740.091826
1 2 66.4738964
2 2 821.876767
3 2 -196.047812
4 2 -14607.2457
5 2 8.1388728
6 2 -1888.38112
1 3 -91.079006
2 3 -196.047812
3 3 -259.135605
4 3 -741.483246
5 3 2149.48245
6 3 0.371373651
1 4 -0.432727956
2 4 -14607.2457
3 4 -741.483246
4 4 861789.551
5 4 -4184.90542
6 4 72877.6373
1 5 14108.9516
2 5 8.1388728
3 5 2149.48245
4 5 -4184.90542
5 5 951064.527
6 5 78323.2958
1 6 740.091826
2 6 -1888.38112
3 6 0.371373651
4 6 72877.6373
5 6 78323.2958
6 6 574380.551
