# name: debug
# type: sparse matrix
# nnz: 36
# rows: 6
# columns: 6

1 1 42948.9927
2 1 -182.418451
3 1 -2018.83407
4 1 2983937.95
5 1 -356014.837
6 1 2554910.71
1 2 -182.418451
2 2 41773.4636
3 2 -16445.7002
4 2 24326977
5 2 -2982680.46
6 2 -385618.786
1 3 -2018.83407
2 3 -16445.7002
3 3 618738414
4 3 -9.09448485e+11
5 3 8.88960303e+10
6 3 -257.498621
1 4 2983937.95
2 4 24326977
3 4 -9.09448485e+11
4 4 1.33674278e+15
5 4 -1.30058301e+14
6 4 -1473137.39
1 5 -356014.837
2 5 -2982680.46
3 5 8.88960303e+10
4 5 -1.30058301e+14
5 5 8.54243315e+12
6 5 -13913089.1
1 6 2554910.71
2 6 -385618.786
3 6 -257.498621
4 6 -1473137.39
5 6 -13913089.1
6 6 3.86123267e+09
